[{"scene_id": 0, "image_id": 0, "category_id": 1, "bbox": [156, 46, 59, 50], "score": 0.009735370986163616, "time": 0.0, "segmentation": {"counts": [74949, 5, 471, 12, 466, 16, 462, 20, 459, 22, 457, 24, 454, 28, 451, 30, 449, 32, 447, 34, 446, 34, 445, 36, 443, 38, 441, 40, 440, 40, 439, 42, 438, 42, 437, 44, 436, 44, 435, 46, 434, 46, 433, 48, 432, 48, 432, 48, 432, 49, 430, 50, 430, 50, 430, 50, 430, 51, 429, 51, 429, 51, 429, 51, 429, 51, 429, 51, 429, 51, 429, 50, 430, 50, 430, 50, 430, 50, 430, 50, 430, 49, 431, 49, 431, 49, 431, 48, 432, 48, 433, 46, 434, 45, 435, 45, 436, 43, 438, 41, 439, 40, 441, 38, 442, 37, 444, 35, 446, 33, 448, 30, 451, 27, 455, 23, 458, 18, 465, 12, 203928], "size": [480, 640]}, "R": [[0.5676800012588501, -0.2154979705810547, 0.7945438027381897], [-0.7950329184532166, -0.39402103424072266, 0.46116191148757935], [0.2136872410774231, -0.893480658531189, -0.395006000995636]], "t": [-250.88906860351562, -328.32421875, 1204.995849609375]}, {"scene_id": 0, "image_id": 0, "category_id": 1, "bbox": [337, 302, 57, 44], "score": 0.21537916362285614, "time": 0.0, "segmentation": {"counts": [162081, 10, 467, 15, 458, 24, 454, 27, 452, 29, 451, 30, 449, 32, 448, 32, 448, 33, 447, 34, 446, 34, 446, 35, 446, 35, 445, 35, 444, 37, 443, 37, 442, 39, 440, 40, 439, 42, 438, 42, 437, 43, 437, 43, 437, 44, 436, 44, 436, 44, 436, 44, 435, 45, 436, 44, 436, 44, 436, 44, 436, 44, 437, 43, 437, 43, 438, 42, 438, 41, 439, 41, 440, 40, 440, 40, 441, 39, 441, 39, 443, 36, 445, 35, 446, 34, 447, 32, 450, 30, 450, 30, 451, 28, 452, 28, 453, 26, 454, 26, 454, 25, 456, 23, 457, 22, 458, 21, 460, 18, 462, 17, 464, 15, 466, 11, 117749], "size": [480, 640]}, "R": [[-0.8241185545921326, 0.2906358242034912, -0.4861680865287781], [0.5481091737747192, 0.1927366852760315, -0.813897430896759], [-0.1428452730178833, -0.9372208714485168, -0.3181380033493042]], "t": [38.765743255615234, 83.74864959716797, 1012.6060180664062]}, {"scene_id": 0, "image_id": 0, "category_id": 1, "bbox": [187, 385, 25, 26], "score": 0.18418097496032715, "time": 0.0, "segmentation": {"counts": [90155, 10, 468, 13, 467, 14, 465, 15, 465, 15, 465, 18, 458, 24, 455, 25, 454, 26, 454, 26, 454, 26, 454, 26, 454, 26, 454, 26, 454, 26, 453, 27, 453, 26, 454, 26, 454, 26, 454, 26, 454, 26, 454, 26, 454, 26, 454, 25, 455, 25, 456, 23, 205031], "size": [480, 640]}, "R": [[-0.4006904661655426, 0.9068936705589294, -0.13034668564796448], [0.864861786365509, 0.32742631435394287, -0.38053372502326965], [-0.30242475867271423, -0.26520824432373047, -0.9155347347259521]], "t": [-232.7438201904297, 223.4723663330078, 899.2061767578125]}, {"scene_id": 0, "image_id": 0, "category_id": 1, "bbox": [122, 119, 44, 55], "score": 0.13869881629943848, "time": 0.0, "segmentation": {"counts": [58697, 5, 472, 11, 466, 16, 462, 19, 460, 21, 458, 23, 456, 25, 454, 26, 453, 28, 451, 29, 451, 30, 449, 32, 448, 33, 447, 33, 446, 35, 445, 36, 444, 37, 442, 38, 442, 39, 441, 40, 440, 41, 438, 43, 437, 45, 435, 46, 434, 49, 431, 52, 428, 54, 427, 54, 426, 54, 426, 54, 426, 55, 426, 54, 426, 53, 428, 52, 428, 52, 429, 51, 429, 51, 430, 49, 432, 48, 432, 47, 435, 45, 437, 42, 441, 38, 446, 33, 452, 26, 227353], "size": [480, 640]}, "R": [[0.7563585638999939, 0.6354767084121704, -0.15521374344825745], [0.22931823134422302, -0.035357095301151276, 0.9727094769477844], [0.6126460433006287, -0.7713099718093872, -0.17246879637241364]], "t": [-388.8443908691406, -152.2762908935547, 1204.4425048828125]}, {"scene_id": 0, "image_id": 0, "category_id": 1, "bbox": [376, 227, 59, 89], "score": 0.7012122273445129, "time": 0.0, "segmentation": {"counts": [180758, 16, 451, 31, 440, 42, 3, 8, 423, 58, 417, 64, 412, 69, 408, 73, 405, 76, 402, 79, 400, 80, 399, 81, 399, 82, 397, 83, 396, 84, 396, 84, 396, 84, 395, 86, 394, 86, 393, 87, 393, 86, 394, 86, 394, 85, 395, 84, 396, 84, 396, 82, 398, 81, 399, 81, 399, 80, 400, 80, 400, 80, 400, 80, 401, 79, 401, 79, 401, 79, 401, 79, 402, 77, 402, 78, 402, 78, 401, 79, 399, 80, 399, 81, 399, 80, 400, 79, 401, 79, 401, 78, 402, 77, 404, 5, 1, 70, 411, 67, 415, 64, 416, 63, 418, 61, 420, 58, 423, 55, 426, 51, 430, 45, 436, 36, 446, 31, 450, 28, 457, 20, 467, 11, 98131], "size": [480, 640]}, "R": [[0.9492712020874023, 0.309848815202713, -0.05365791916847229], [0.24750067293643951, -0.8414391279220581, -0.4803374111652374], [-0.19398196041584015, 0.44268980622291565, -0.8754408955574036]], "t": [135.74314880371094, 44.7259635925293, 970.7976684570312]}, {"scene_id": 0, "image_id": 0, "category_id": 1, "bbox": [345, 128, 56, 61], "score": 0.3080924451351166, "time": 0.0, "segmentation": {"counts": [165739, 6, 473, 9, 469, 13, 466, 16, 462, 20, 459, 23, 456, 25, 455, 27, 452, 30, 450, 31, 448, 34, 446, 35, 445, 37, 443, 38, 441, 40, 440, 42, 438, 43, 437, 45, 435, 46, 434, 48, 432, 49, 431, 52, 428, 53, 427, 55, 425, 57, 424, 57, 424, 57, 425, 56, 425, 56, 425, 56, 425, 55, 426, 54, 426, 48, 433, 44, 437, 41, 439, 40, 441, 38, 443, 36, 445, 34, 448, 31, 451, 28, 453, 26, 456, 24, 457, 22, 460, 20, 461, 19, 462, 17, 464, 15, 466, 14, 467, 13, 468, 11, 470, 10, 470, 10, 471, 9, 472, 8, 473, 7, 475, 5, 114552], "size": [480, 640]}, "R": [[-0.8662941455841064, -0.3432801067829132, 0.36289742588996887], [-0.005459845066070557, 0.7329342365264893, 0.6802783012390137], [-0.49950531125068665, 0.5873392820358276, -0.6368106603622437]], "t": [112.00045776367188, -117.67790985107422, 987.3339233398438]}, {"scene_id": 0, "image_id": 0, "category_id": 1, "bbox": [376, 183, 59, 133], "score": 0.5596338510513306, "time": 0.0, "segmentation": {"counts": [180758, 16, 451, 30, 9, 3, 428, 42, 3, 10, 422, 59, 415, 66, 410, 71, 407, 74, 404, 76, 402, 79, 400, 80, 399, 59, 1, 22, 398, 82, 397, 83, 396, 85, 394, 86, 394, 86, 394, 86, 394, 86, 393, 87, 393, 87, 393, 86, 394, 85, 395, 85, 395, 84, 396, 83, 397, 82, 398, 81, 399, 77, 403, 77, 403, 79, 401, 80, 401, 79, 401, 79, 401, 79, 353, 7, 41, 78, 354, 7, 41, 78, 358, 3, 41, 78, 402, 78, 401, 78, 370, 1, 30, 79, 369, 3, 28, 80, 399, 80, 400, 79, 401, 79, 401, 78, 402, 78, 403, 76, 406, 2, 3, 68, 414, 65, 415, 63, 418, 61, 420, 59, 422, 55, 425, 53, 429, 47, 434, 37, 445, 31, 451, 26, 458, 20, 467, 11, 98131], "size": [480, 640]}, "R": [[0.9536921381950378, 0.2967509329319, -0.049089595675468445], [0.2384892851114273, -0.8454880118370056, -0.477778822183609], [-0.18328599631786346, 0.44394657015800476, -0.8771076798439026]], "t": [135.6761932373047, 44.7008171081543, 970.776611328125]}]