[{"scene_id": 0, "image_id": 0, "category_id": 1, "bbox": [156, 46, 59, 50], "score": 0.06440079212188721, "time": 0.0, "segmentation": {"counts": [74949, 5, 471, 12, 466, 16, 462, 20, 459, 22, 457, 24, 454, 28, 451, 30, 449, 32, 447, 34, 446, 34, 445, 36, 443, 38, 441, 40, 440, 40, 439, 42, 438, 42, 437, 44, 436, 44, 435, 46, 434, 46, 433, 48, 432, 48, 432, 48, 432, 49, 430, 50, 430, 50, 430, 50, 430, 51, 429, 51, 429, 51, 429, 51, 429, 51, 429, 51, 429, 51, 429, 50, 430, 50, 430, 50, 430, 50, 430, 50, 430, 49, 431, 49, 431, 49, 431, 48, 432, 48, 433, 46, 434, 45, 435, 45, 436, 43, 438, 41, 439, 40, 441, 38, 442, 37, 444, 35, 446, 33, 448, 30, 451, 27, 455, 23, 458, 18, 465, 12, 203928], "size": [480, 640]}, "R": [[0.5736517310142517, 0.20600591599941254, -0.7927703261375427], [-0.2609415054321289, -0.8714679479598999, -0.41527479887008667], [-0.7764232754707336, 0.44509005546569824, -0.44616350531578064]], "t": [-331.568359375, -379.56439208984375, 1171.143310546875]}, {"scene_id": 0, "image_id": 0, "category_id": 1, "bbox": [337, 302, 57, 44], "score": 0.17558623850345612, "time": 0.0, "segmentation": {"counts": [162081, 10, 467, 15, 458, 24, 454, 27, 452, 29, 451, 30, 449, 32, 448, 32, 448, 33, 447, 34, 446, 34, 446, 35, 446, 35, 445, 35, 444, 37, 443, 37, 442, 39, 440, 40, 439, 42, 438, 42, 437, 43, 437, 43, 437, 44, 436, 44, 436, 44, 436, 44, 435, 45, 436, 44, 436, 44, 436, 44, 436, 44, 437, 43, 437, 43, 438, 42, 438, 41, 439, 41, 440, 40, 440, 40, 441, 39, 441, 39, 443, 36, 445, 35, 446, 34, 447, 32, 450, 30, 450, 30, 451, 28, 452, 28, 453, 26, 454, 26, 454, 25, 456, 23, 457, 22, 458, 21, 460, 18, 462, 17, 464, 15, 466, 11, 117749], "size": [480, 640]}, "R": [[0.01512601412832737, 0.13631366193294525, -0.9905503988265991], [0.902039647102356, -0.42926913499832153, -0.045299164950847626], [-0.43138760328292847, -0.8928307890892029, -0.1294533908367157]], "t": [36.54798889160156, 146.67276000976562, 1026.10791015625]}, {"scene_id": 0, "image_id": 0, "category_id": 1, "bbox": [187, 385, 25, 26], "score": 0.0, "time": 0.0, "segmentation": {"counts": [90155, 10, 468, 13, 467, 14, 465, 15, 465, 15, 465, 18, 458, 24, 455, 25, 454, 26, 454, 26, 454, 26, 454, 26, 454, 26, 454, 26, 454, 26, 453, 27, 453, 26, 454, 26, 454, 26, 454, 26, 454, 26, 454, 26, 454, 26, 454, 25, 455, 25, 456, 23, 205031], "size": [480, 640]}, "R": [[1.0, 0.0, 0.0], [0.0, 1.0, 0.0], [0.0, 0.0, 1.0]], "t": [0.0, 0.0, 0.0]}, {"scene_id": 0, "image_id": 0, "category_id": 1, "bbox": [122, 119, 44, 55], "score": 0.2411099374294281, "time": 0.0, "segmentation": {"counts": [58697, 5, 472, 11, 466, 16, 462, 19, 460, 21, 458, 23, 456, 25, 454, 26, 453, 28, 451, 29, 451, 30, 449, 32, 448, 33, 447, 33, 446, 35, 445, 36, 444, 37, 442, 38, 442, 39, 441, 40, 440, 41, 438, 43, 437, 45, 435, 46, 434, 49, 431, 52, 428, 54, 427, 54, 426, 54, 426, 54, 426, 55, 426, 54, 426, 53, 428, 52, 428, 52, 429, 51, 429, 51, 430, 49, 432, 48, 432, 47, 435, 45, 437, 42, 441, 38, 446, 33, 452, 26, 227353], "size": [480, 640]}, "R": [[0.5826573371887207, 0.6497373580932617, -0.4882137179374695], [0.6830455660820007, -0.06596269458532333, 0.7273913621902466], [0.4404095411300659, -0.7572915554046631, -0.48223382234573364]], "t": [-414.3143310546875, -148.79525756835938, 1168.57470703125]}, {"scene_id": 0, "image_id": 0, "category_id": 1, "bbox": [376, 227, 59, 89], "score": 0.6982507109642029, "time": 0.0, "segmentation": {"counts": [180758, 16, 451, 31, 440, 42, 3, 8, 423, 58, 417, 64, 412, 69, 408, 73, 405, 76, 402, 79, 400, 80, 399, 81, 399, 82, 397, 83, 396, 84, 396, 84, 396, 84, 395, 86, 394, 86, 393, 87, 393, 86, 394, 86, 394, 85, 395, 84, 396, 84, 396, 82, 398, 81, 399, 81, 399, 80, 400, 80, 400, 80, 400, 80, 401, 79, 401, 79, 401, 79, 401, 79, 402, 77, 402, 78, 402, 78, 401, 79, 399, 80, 399, 81, 399, 80, 400, 79, 401, 79, 401, 78, 402, 77, 404, 5, 1, 70, 411, 67, 415, 64, 416, 63, 418, 61, 420, 58, 423, 55, 426, 51, 430, 45, 436, 36, 446, 31, 450, 28, 457, 20, 467, 11, 98131], "size": [480, 640]}, "R": [[0.9509421586990356, 0.30619603395462036, -0.04419674351811409], [0.2487182319164276, -0.841629147529602, -0.47937458753585815], [-0.183979794383049, 0.4448651373386383, -0.8764968514442444]], "t": [135.82763671875, 44.76886749267578, 970.7443237304688]}, {"scene_id": 0, "image_id": 0, "category_id": 1, "bbox": [345, 128, 56, 61], "score": 0.2567056119441986, "time": 0.0, "segmentation": {"counts": [165739, 6, 473, 9, 469, 13, 466, 16, 462, 20, 459, 23, 456, 25, 455, 27, 452, 30, 450, 31, 448, 34, 446, 35, 445, 37, 443, 38, 441, 40, 440, 42, 438, 43, 437, 45, 435, 46, 434, 48, 432, 49, 431, 52, 428, 53, 427, 55, 425, 57, 424, 57, 424, 57, 425, 56, 425, 56, 425, 56, 425, 55, 426, 54, 426, 48, 433, 44, 437, 41, 439, 40, 441, 38, 443, 36, 445, 34, 448, 31, 451, 28, 453, 26, 456, 24, 457, 22, 460, 20, 461, 19, 462, 17, 464, 15, 466, 14, 467, 13, 468, 11, 470, 10, 470, 10, 471, 9, 472, 8, 473, 7, 475, 5, 114552], "size": [480, 640]}, "R": [[-0.9421085715293884, 0.1111505925655365, 0.31634876132011414], [0.3347487449645996, 0.2573724389076233, 0.9064781665802002], [0.019335627555847168, 0.9598984718322754, -0.2796802520751953]], "t": [97.65457153320312, -116.94488525390625, 1006.2623291015625]}, {"scene_id": 0, "image_id": 0, "category_id": 1, "bbox": [376, 183, 59, 133], "score": 0.5596657395362854, "time": 0.0, "segmentation": {"counts": [180758, 16, 451, 30, 9, 3, 428, 42, 3, 10, 422, 59, 415, 66, 410, 71, 407, 74, 404, 76, 402, 79, 400, 80, 399, 59, 1, 22, 398, 82, 397, 83, 396, 85, 394, 86, 394, 86, 394, 86, 394, 86, 393, 87, 393, 87, 393, 86, 394, 85, 395, 85, 395, 84, 396, 83, 397, 82, 398, 81, 399, 77, 403, 77, 403, 79, 401, 80, 401, 79, 401, 79, 401, 79, 353, 7, 41, 78, 354, 7, 41, 78, 358, 3, 41, 78, 402, 78, 401, 78, 370, 1, 30, 79, 369, 3, 28, 80, 399, 80, 400, 79, 401, 79, 401, 78, 402, 78, 403, 76, 406, 2, 3, 68, 414, 65, 415, 63, 418, 61, 420, 59, 422, 55, 425, 53, 429, 47, 434, 37, 445, 31, 451, 26, 458, 20, 467, 11, 98131], "size": [480, 640]}, "R": [[0.9492015838623047, 0.30918988585472107, -0.058459941297769547], [0.24439185857772827, -0.8414053320884705, -0.48198503255844116], [-0.1982133835554123, 0.44321373105049133, -0.8742270469665527]], "t": [135.81382751464844, 44.51280212402344, 970.990478515625]}]